Zip Code,Median Listing Price,Active Listing Count
11375,399000.0,500.0
80219,489950.0,27.0
66062,529900.0,96.0
83646,611950.0,89.0
90280,582499.5,11.0
85032,462450.0,37.0
75068,438950.0,64.0
60505,184900.0,24.0
60614,595000.0,316.0
75052,325000.0,22.0
72401,164900.0,84.0
96797,605000.0,22.0
95206,357475.0,26.0
60402,289947.5,78.0
94112,1124500.0,17.0
37064,1687225.0,54.0
10453,695000.0,5.0
90042,899499.5,45.0
92703,644500.0,12.0
11234,773500.0,220.0
40475,299200.0,87.0
84043,516792.5,68.0
93230,355000.0,68.0
93722,399000.0,37.0
43230,267400.0,19.0
95747,685000.0,56.0
91761,619944.0,32.0
85142,626000.0,129.0
90026,1289500.0,21.0
32825,360000.0,22.0
90011,569999.5,13.0
85326,403000.0,89.0
92376,477900.0,39.0
22191,431995.0,34.0
78251,264950.0,26.0
30043,390000.0,176.0
97701,689000.0,59.0
37211,446450.0,49.0
37167,399900.0,27.0
19124,171500.0,113.0
23452,314450.0,49.0
20019,449500.0,79.0
85301,320610.5,24.0
10314,599999.0,79.0
11434,602000.0,63.0
32765,555450.0,50.0
78542,249900.0,101.0
84118,396950.0,14.0
33027,282500.0,111.0
10027,1285000.0,228.0
20002,654950.0,188.0
20906,317450.0,48.0
80634,428437.5,242.0
37129,477450.0,38.0
91762,639500.0,25.0
33414,1300000.0,136.0
75056,387700.0,43.0
77429,397450.0,89.0
79912,345000.0,71.0
19111,279450.0,59.0
92677,1247000.0,24.0
78745,555450.0,52.0
10472,649000.0,9.0
77450,350000.0,47.0
75070,439950.0,25.0
92114,667500.0,26.0
60639,310950.0,34.0
93306,377434.5,51.0
74012,266950.0,30.0
60620,209950.0,101.0
93307,272500.0,37.0
89123,450000.0,112.0
94541,753944.0,23.0
60629,261450.0,70.0
30058,273000.0,128.0
21740,244945.0,78.0
93905,540000.0,4.0
44035,149320.0,69.0
11226,620000.0,222.0
95630,772000.0,56.0
29485,372450.0,59.0
11223,778500.0,78.0
07002,422000.0,55.0
94080,1028000.0,18.0
10456,205000.0,24.0
89031,402500.0,111.0
93727,429450.0,42.0
90650,675000.0,29.0
92105,589500.0,20.0
11210,699500.0,102.0
98682,522450.0,99.0
32828,461000.0,33.0
90001,540000.0,19.0
94513,901000.0,40.0
77084,305950.0,105.0
60617,164950.0,108.0
92704,597500.0,14.0
95020,982500.0,22.0
84015,439900.0,31.0
93535,414995.0,110.0
22030,722200.0,19.0
33015,220000.5,113.0
43123,320000.0,48.0
95823,419450.0,27.0
90004,1669900.0,24.0
76028,389900.0,60.0
97229,827500.0,38.0
93550,404950.0,65.0
10002,1497500.0,315.0
33025,284500.0,76.0
48197,299850.0,48.0
30281,300000.0,110.0
95355,487500.0,29.0
32822,192500.0,36.0
92126,779450.0,13.0
90044,647499.5,41.0
92115,794500.0,21.0
91710,708000.0,36.0
92021,699000.0,27.0
90037,647450.0,10.0
93257,324000.0,50.0
78249,327500.0,41.0
11204,769000.0,60.0
11236,636500.0,65.0
77346,376699.5,150.0
11220,599999.0,65.0
11368,414500.0,113.0
66061,525000.0,93.0
32808,230000.0,41.0
93291,424950.0,35.0
10458,265000.0,49.0
30135,352500.0,233.0
11206,796000.0,53.0
90805,649499.5,18.0
27406,207450.0,27.0
92201,514500.0,47.0
94110,1477000.0,52.0
30047,389950.0,117.0
78640,438017.0,131.0
75002,478250.0,36.0
10025,1135000.0,375.0
11355,599000.0,244.0
92509,564950.0,36.0
91977,674950.0,33.0
73160,226796.0,50.0
80013,480000.0,21.0
07055,357000.0,57.0
92154,714000.0,23.0
63376,267450.0,25.0
95608,567450.0,39.0
